13       
0	0.1	0.25	0.04	0.02	0.09	0.02	0.04	0.03	0.19	0.06	0.13	0.03
0.22	0	0.19	0.03	0.01	0.1	0.02	0.03	0.04	0.2	0.05	0.1	0.01
0.25	0.18	0	0.04	0.01	0.1	0.01	0.03	0.03	0.15	0.04	0.14	0.02
0.15	0.12	0.13	0	0.05	0.08	0.02	0.02	0.06	0.15	0.07	0.14	0.01
0.1	0.05	0.07	0.15	0	0.25	0.1	0.09	0.03	0.08	0.01	0.06	0.01
0.17	0.08	0.1	0.01	0.2	0	0.1	0.13	0.02	0.1	0.02	0.06	0.01
0.08	0.02	0.01	0.01	0.03	0.15	0	0.25	0.16	0.18	0.02	0.08	0.01
0.1	0.02	0.01	0.01	0.07	0.15	0.2	0	0.17	0.2	0.01	0.04	0.02
0.12	0.03	0.02	0.01	0.01	0.08	0.15	0.2	0	0.3	0.02	0.05	0.01
0.2	0.05	0.1	0.02	0.01	0.1	0.03	0.16	0.17	0	0.05	0.1	0.01
0.06	0.04	0.04	0.03	0.01	0.05	0.04	0.06	0.2	0.25	0	0.21	0.01
0.2	0.06	0.09	0.04	0.02	0.05	0.02	0.06	0.1	0.22	0.12	0	0.02
0.19	0.05	0.1	0.02	0.02	0.21	0.02	0.03	0.03	0.25	0.02	0.06	0
 